# Program:featureCounts v1.4.6-p3; Command:"subread-1.4.6-p3-MacOSX-x86_64/bin/featureCounts" "-t" "gene" "-g" "ID" "-F" "GTF" "-T" "2" "-a" "annotation.gff" "-o" "counts.txt" "SRR10379721.bam" "SRR10379722.bam" "SRR10379724.bam" "SRR10379725.bam" "SRR10379726.bam" "SSR10379723.bam" 
Geneid	Chr	Start	End	Strand	Length	SRR10379721.bam	SRR10379722.bam	SRR10379724.bam	SRR10379725.bam	SRR10379726.bam	SSR10379723.bam
gene-SAOUHSC_00001	CP000253.1	517	1878	+	1362	20678	17047	14120	19569	3990	13186
gene-SAOUHSC_00002	CP000253.1	2156	3289	+	1134	15976	12174	12125	15034	2119	11155
gene-SAOUHSC_00003	CP000253.1	3670	3915	+	246	1622	1213	1375	1016	126	874
gene-SAOUHSC_00004	CP000253.1	3912	5024	+	1113	13994	11418	7582	6709	839	9933
gene-SAOUHSC_00005	CP000253.1	5034	6968	+	1935	29539	26379	12046	12073	3492	24185
gene-SAOUHSC_00006	CP000253.1	7005	9668	+	2664	45169	33351	18910	12471	4001	32195
gene-SAOUHSC_00007	CP000253.1	9755	10456	-	702	7039	4917	3552	5008	1208	4753
gene-SAOUHSC_00008	CP000253.1	10893	12407	+	1515	3221	2562	1358	1972	311	2419
gene-SAOUHSC_00009	CP000253.1	12786	14072	+	1287	2467	1979	40247	77893	13348	1432
gene-SAOUHSC_00010	CP000253.1	14722	15417	+	696	353	302	2154	4633	273	274
gene-SAOUHSC_00012	CP000253.1	15414	15743	+	330	210	175	1161	2752	299	171
gene-SAOUHSC_00013	CP000253.1	16106	17074	+	969	1351	1315	4711	8955	1895	999
gene-SAOUHSC_00014	CP000253.1	17365	18303	+	939	4655	3433	7026	8905	1176	3543
gene-SAOUHSC_00015	CP000253.1	18318	20285	+	1968	25865	21834	20876	25792	5822	22438
gene-SAOUHSC_00017	CP000253.1	20282	20734	+	453	6389	5531	5238	6496	1042	5664
gene-SAOUHSC_00018	CP000253.1	20766	22166	+	1401	11773	10372	14311	19500	6291	8760
gene-SAOUHSC_00019	CP000253.1	22444	23727	+	1284	7007	6279	8575	5225	3218	6876
gene-SAOUHSC_T00018	CP000253.1	24157	24231	+	75	86	42	47	7	130	38
gene-SAOUHSC_T00011	CP000253.1	24239	24311	+	73	370	361	229	31	200	159
gene-SAOUHSC_00020	CP000253.1	24931	25632	+	702	3874	3551	3918	5993	921	2698
gene-SAOUHSC_00021	CP000253.1	25645	27471	+	1827	12378	10600	11363	13107	6165	8368
gene-SAOUHSC_00022	CP000253.1	27515	28798	+	1284	12999	11016	10257	12036	1989	9137
gene-SAOUHSC_00023	CP000253.1	28799	29587	+	789	9543	7827	6826	8127	2075	7311
gene-SAOUHSC_00024	CP000253.1	29977	30777	+	801	2795	1710	1344	1082	373	1851
gene-SAOUHSC_00025	CP000253.1	31005	33323	+	2319	2873	2071	1241	1550	675	2138
gene-SAOUHSC_00026	CP000253.1	33555	34034	-	480	105	50	17	21	2	114
gene-SAOUHSC_00027	CP000253.1	33691	34170	+	480	378	330	324	527	146	288
gene-SAOUHSC_00028	CP000253.1	34375	34509	-	135	12	17	30	40	7	12
gene-SAOUHSC_00029	CP000253.1	34473	34565	+	93	1	3	18	9	3	7
gene-SAOUHSC_00030	CP000253.1	34712	36457	+	1746	1582	1159	2385	3944	296	1334
gene-SAOUHSC_00031	CP000253.1	36551	37003	-	453	28563	18112	2106	2327	325	29748
gene-SAOUHSC_00032	CP000253.1	37019	37120	-	102	57	28	22	40	18	128
gene-SAOUHSC_00033	CP000253.1	37218	37973	-	756	14292	9538	1466	1161	149	16213
gene-SAOUHSC_00034	CP000253.1	37973	38233	-	261	3690	2781	332	323	20	3282
gene-SAOUHSC_00035	CP000253.1	38370	39437	+	1068	24767	16411	1015	473	39	25479
gene-SAOUHSC_00036	CP000253.1	39468	40802	+	1335	46774	32714	2067	1140	283	48401
gene-SAOUHSC_00037	CP000253.1	40821	42014	+	1194	45173	29474	8533	8156	3304	42561
gene-SAOUHSC_00038	CP000253.1	42281	42382	-	102	384	302	228	164	21	274
gene-SAOUHSC_00039	CP000253.1	42681	43613	-	933	4202	3781	3478	4314	2013	3012
gene-SAOUHSC_00040	CP000253.1	43976	44179	+	204	40	30	33	51	6	38
gene-SAOUHSC_00041	CP000253.1	44228	44524	+	297	753	581	455	635	68	581
gene-SAOUHSC_00042	CP000253.1	44596	45816	-	1221	1965	1403	1005	1112	140	1598
gene-SAOUHSC_00043	CP000253.1	45809	46360	-	552	782	540	268	223	33	618
gene-SAOUHSC_00044	CP000253.1	46473	47333	+	861	1883	1313	805	977	73	1546
gene-SAOUHSC_00045	CP000253.1	47689	48222	-	534	144	91	316	521	72	154
gene-SAOUHSC_00046	CP000253.1	48313	49056	+	744	422	325	491	707	34	391
gene-SAOUHSC_00047	CP000253.1	49490	50092	+	603	728	423	497	946	50	502
gene-SAOUHSC_00049	CP000253.1	50359	53511	+	3153	2760	1817	2405	3242	332	2104
gene-SAOUHSC_00050	CP000253.1	53568	54050	+	483	1498	923	938	1305	113	1216
gene-SAOUHSC_00051	CP000253.1	54255	55241	+	987	458	232	510	725	195	256
gene-SAOUHSC_00052	CP000253.1	55462	56232	+	771	187	107	91	144	19	143
gene-SAOUHSC_00053	CP000253.1	56284	57054	+	771	252	174	192	364	29	235
gene-SAOUHSC_00054	CP000253.1	57118	57888	+	771	404	293	261	412	42	326
gene-SAOUHSC_00055	CP000253.1	57955	58722	+	768	677	428	395	538	55	500
gene-SAOUHSC_00056	CP000253.1	58855	61053	+	2199	3651	2832	4950	7006	754	2396
gene-SAOUHSC_00057	CP000253.1	61204	62382	+	1179	695	591	793	933	282	446
gene-SAOUHSC_00058	CP000253.1	62384	63772	+	1389	1080	773	1271	1991	416	675
gene-SAOUHSC_00060	CP000253.1	64265	65926	-	1662	2061	1593	2336	2025	798	2005
gene-SAOUHSC_00061	CP000253.1	66252	68027	-	1776	2426	1611	2753	3423	887	1499
gene-SAOUHSC_00062	CP000253.1	68201	69073	-	873	233	106	106	109	14	142
gene-SAOUHSC_00064	CP000253.1	69186	70583	+	1398	282	170	255	268	27	225
gene-SAOUHSC_00065	CP000253.1	70773	71246	+	474	433	326	1736	2054	308	308
gene-SAOUHSC_00067	CP000253.1	71508	73100	+	1593	5430	3872	6121	7625	2185	3800
gene-SAOUHSC_00069	CP000253.1	73429	74979	-	1551	2396	2397	9036	5106	882	1628
gene-SAOUHSC_00070	CP000253.1	75400	76152	-	753	417	285	970	1074	50	369
gene-SAOUHSC_00071	CP000253.1	76521	77435	-	915	4273	4439	11140	13500	1670	2480
gene-SAOUHSC_00072	CP000253.1	77516	78511	-	996	698	483	328	456	181	389
gene-SAOUHSC_00074	CP000253.1	78527	79519	-	993	907	553	733	885	56	537
gene-SAOUHSC_00075	CP000253.1	79885	80730	+	846	431	246	102	95	18	219
gene-SAOUHSC_00076	CP000253.1	80727	81737	+	1011	597	335	194	162	77	297
gene-SAOUHSC_00077	CP000253.1	81758	83512	+	1755	1287	698	456	450	96	614
gene-SAOUHSC_00078	CP000253.1	83505	84761	+	1257	783	416	280	265	143	431
gene-SAOUHSC_00079	CP000253.1	84751	86487	+	1737	1309	739	497	509	93	620
gene-SAOUHSC_00080	CP000253.1	86396	88246	+	1851	1614	964	674	688	193	870
gene-SAOUHSC_00081	CP000253.1	88221	88997	+	777	783	475	334	422	169	425
gene-SAOUHSC_00082	CP000253.1	88997	90199	+	1203	1343	719	535	770	168	720
gene-SAOUHSC_00083	CP000253.1	90203	90967	+	765	892	525	397	542	156	547
gene-SAOUHSC_A00084	CP000253.1	90905	91096	-	192	97	46	31	73	6	66
gene-SAOUHSC_00084	CP000253.1	91163	91570	+	408	157	87	214	252	20	83
gene-SAOUHSC_00085	CP000253.1	91620	92246	+	627	179	127	401	425	60	141
gene-SAOUHSC_00086	CP000253.1	92458	93234	+	777	5205	4906	9304	17985	10214	2325
gene-SAOUHSC_00087	CP000253.1	93378	93500	+	123	8	5	3	4	0	9
gene-SAOUHSC_00088	CP000253.1	93570	94550	+	981	174	106	66	52	6	127
gene-SAOUHSC_00089	CP000253.1	94513	95205	+	693	146	108	53	30	11	125
gene-SAOUHSC_00090	CP000253.1	95415	96581	+	1167	337	200	84	100	12	217
gene-SAOUHSC_00091	CP000253.1	96562	97800	+	1239	300	202	129	139	13	236
gene-SAOUHSC_00092	CP000253.1	97790	99220	+	1431	1305	878	1146	1802	145	927
gene-SAOUHSC_00093	CP000253.1	99488	100087	+	600	4172	2562	1322	1313	342	2910
gene-SAOUHSC_00094	CP000253.1	100455	101054	+	600	70910	60050	38295	58665	15909	47473
gene-SAOUHSC_00096	CP000253.1	101370	102125	-	756	2514	2084	1585	1840	300	1827
gene-SAOUHSC_A00097	CP000253.1	102228	102452	-	225	16	8	12	22	5	13
gene-SAOUHSC_00097	CP000253.1	102361	103068	+	708	5243	5310	1127	2192	312	3258
gene-SAOUHSC_00099	CP000253.1	103075	104427	+	1353	11263	12369	3347	5452	351	8062
gene-SAOUHSC_00100	CP000253.1	104508	105170	+	663	15023	15250	6116	8552	3777	11252
gene-SAOUHSC_00101	CP000253.1	105198	106376	+	1179	19167	21779	12716	16546	6264	12736
gene-SAOUHSC_00102	CP000253.1	106507	107322	-	816	565	428	292	256	70	329
gene-SAOUHSC_00103	CP000253.1	107319	108119	-	801	420	297	184	191	27	239
gene-SAOUHSC_00104	CP000253.1	108121	108894	-	774	624	440	287	291	37	401
gene-SAOUHSC_00105	CP000253.1	109108	110064	-	957	533	349	300	285	28	332
gene-SAOUHSC_00106	CP000253.1	110293	111837	+	1545	1345	960	772	937	298	907
gene-SAOUHSC_00107	CP000253.1	111888	113423	+	1536	2232	1816	1836	2375	532	1590
gene-SAOUHSC_00108	CP000253.1	113507	113710	+	204	24	14	5	19	0	14
gene-SAOUHSC_00109	CP000253.1	114083	114568	+	486	132	55	48	57	3	88
gene-SAOUHSC_00110	CP000253.1	114553	114843	+	291	87	47	48	81	5	59
gene-SAOUHSC_00111	CP000253.1	114927	115214	+	288	22	19	59	37	60	20
gene-SAOUHSC_00112	CP000253.1	115867	116088	+	222	301	215	373	614	55	225
gene-SAOUHSC_00113	CP000253.1	116538	119147	+	2610	3077	1934	8778	21602	5753	1928
gene-SAOUHSC_00114	CP000253.1	119492	120160	+	669	1436	1572	6073	11210	1019	1040
gene-SAOUHSC_00115	CP000253.1	120176	120862	+	687	1838	2062	7007	12968	2257	1264
gene-SAOUHSC_00116	CP000253.1	120865	121629	+	765	2188	2538	6890	15496	2341	1515
gene-SAOUHSC_00117	CP000253.1	121649	123472	+	1824	4551	5361	11080	23300	8766	2847
gene-SAOUHSC_00118	CP000253.1	123462	124490	+	1029	2519	2868	5625	13735	4285	1707
gene-SAOUHSC_00119	CP000253.1	124503	125612	+	1110	2832	3063	5325	14237	2415	1794
gene-SAOUHSC_00120	CP000253.1	125616	126740	+	1125	2794	3189	5805	14362	5602	1849
gene-SAOUHSC_00121	CP000253.1	126743	127369	+	627	1245	1237	2637	6821	1692	820
gene-SAOUHSC_00122	CP000253.1	127374	128483	+	1110	1893	1852	4184	10913	1366	1185
gene-SAOUHSC_00123	CP000253.1	128497	129663	+	1167	1285	1204	3010	7719	2229	819
gene-SAOUHSC_00124	CP000253.1	129656	130861	+	1206	861	732	2173	5644	725	679
gene-SAOUHSC_00125	CP000253.1	130862	132067	+	1206	2715	2731	4507	14905	4662	1716
gene-SAOUHSC_00126	CP000253.1	132078	132635	+	558	1282	1279	2123	8246	3304	860
gene-SAOUHSC_00127	CP000253.1	132635	133522	+	888	2625	2516	4039	10914	1820	1704
gene-SAOUHSC_00128	CP000253.1	133576	134838	+	1263	3895	3747	5370	17675	5627	2340
gene-SAOUHSC_00129	CP000253.1	134915	136060	+	1146	4367	4038	5613	15454	5475	2844
gene-SAOUHSC_00130	CP000253.1	136125	136451	-	327	1129	934	605	914	63	750
gene-SAOUHSC_00131	CP000253.1	136458	136841	-	384	814	674	516	783	42	551
gene-SAOUHSC_00132	CP000253.1	137268	138755	+	1488	12912	13802	22219	33400	3107	4773
gene-SAOUHSC_00133	CP000253.1	139401	140360	+	960	972	833	1615	1792	185	657
gene-SAOUHSC_00134	CP000253.1	140422	140625	-	204	139	149	251	322	15	89
gene-SAOUHSC_00135	CP000253.1	140804	141316	+	513	1526	856	274	337	114	967
gene-SAOUHSC_00136	CP000253.1	141658	142398	+	741	559	318	118	109	17	334
gene-SAOUHSC_00137	CP000253.1	142412	143386	+	975	825	505	167	195	69	531
gene-SAOUHSC_00138	CP000253.1	143383	144144	+	762	641	423	90	109	22	377
gene-SAOUHSC_00139	CP000253.1	144157	145188	+	1032	1556	937	1087	1864	294	978
gene-SAOUHSC_00141	CP000253.1	145405	145764	+	360	32049	19882	5679	5403	287	20453
gene-SAOUHSC_00142	CP000253.1	145937	146962	+	1026	2284	1956	431	437	114	1442
gene-SAOUHSC_00143	CP000253.1	147348	148598	+	1251	11837	6209	2139	2603	349	7048
gene-SAOUHSC_00144	CP000253.1	149045	156220	+	7176	134101	77561	60108	68464	14103	76936
gene-SAOUHSC_00145	CP000253.1	156233	156877	+	645	20753	12219	7502	7475	1048	11752
gene-SAOUHSC_00146	CP000253.1	157205	157684	-	480	4057	2280	3830	3568	2007	3389
gene-SAOUHSC_00147	CP000253.1	157954	158718	-	765	3110	1688	464	521	64	2776
gene-SAOUHSC_00148	CP000253.1	158734	159975	-	1242	3684	2103	554	679	160	3298
gene-SAOUHSC_00149	CP000253.1	159987	161018	-	1032	1176	631	269	330	50	899
gene-SAOUHSC_00150	CP000253.1	161057	162241	-	1185	1981	1179	533	677	155	1527
gene-SAOUHSC_00151	CP000253.1	162494	163849	-	1356	2326	1655	6792	7606	355	1736
gene-SAOUHSC_00152	CP000253.1	164125	164622	-	498	1719	1372	898	868	328	887
gene-SAOUHSC_00153	CP000253.1	164749	166389	-	1641	3333	2786	1561	3090	455	1606
gene-SAOUHSC_00154	CP000253.1	166583	166684	+	102	38	26	10	9	0	22
gene-SAOUHSC_00155	CP000253.1	166663	168660	-	1998	6074	3848	12943	12962	3509	3881
gene-SAOUHSC_00156	CP000253.1	169309	170349	+	1041	3276	3937	6903	16989	1778	2183
gene-SAOUHSC_00157	CP000253.1	170349	171245	+	897	2110	2818	2498	8081	2491	1502
gene-SAOUHSC_00158	CP000253.1	171257	172711	+	1455	3655	4634	3426	9306	2968	2461
gene-SAOUHSC_00160	CP000253.1	172714	173589	+	876	2758	3159	1828	3777	387	1789
gene-SAOUHSC_00161	CP000253.1	173783	174064	-	282	115	54	123	276	10	67
gene-SAOUHSC_00162	CP000253.1	174277	177066	+	2790	3347	2686	4582	5832	667	2093
gene-SAOUHSC_00163	CP000253.1	177271	178113	+	843	1253	1039	3116	4839	250	784
gene-SAOUHSC_00164	CP000253.1	178115	179038	+	924	1228	1137	2704	3158	290	721
gene-SAOUHSC_00166	CP000253.1	179025	180137	+	1113	1756	1589	2862	5045	487	1167
gene-SAOUHSC_00167	CP000253.1	180402	181994	-	1593	3925	2485	671	779	205	2786
gene-SAOUHSC_00168	CP000253.1	181951	183429	+	1479	1666	1251	359	350	43	1313
gene-SAOUHSC_00169	CP000253.1	183435	184598	+	1164	984	711	161	179	35	760
gene-SAOUHSC_00170	CP000253.1	184615	186390	+	1776	1756	1151	339	514	99	1377
gene-SAOUHSC_00171	CP000253.1	186428	188434	+	2007	5241	4512	1057	1222	301	4256
gene-SAOUHSC_00172	CP000253.1	188732	189505	-	774	2723	2146	453	433	24	2283
gene-SAOUHSC_00173	CP000253.1	189695	190321	-	627	41082	24844	1113	1488	86	35322
gene-SAOUHSC_00174	CP000253.1	190530	191108	+	579	3068	3437	1760	2426	492	1869
gene-SAOUHSC_00175	CP000253.1	191491	192588	+	1098	549	420	300	415	79	351
gene-SAOUHSC_00176	CP000253.1	192601	193872	+	1272	1061	902	249	353	72	752
gene-SAOUHSC_00177	CP000253.1	193875	195143	+	1269	1307	1233	325	528	110	922
gene-SAOUHSC_00178	CP000253.1	195145	195984	+	840	924	919	231	296	33	669
gene-SAOUHSC_00179	CP000253.1	196058	197134	+	1077	1732	1755	384	563	227	1273
gene-SAOUHSC_00180	CP000253.1	197159	198199	+	1041	1721	1755	436	584	185	1248
gene-SAOUHSC_00181	CP000253.1	198254	199222	+	969	2195	2145	599	609	128	1533
gene-SAOUHSC_00182	CP000253.1	199583	200155	-	573	678	441	877	985	44	470
gene-SAOUHSC_00183	CP000253.1	200310	201689	+	1380	3416	4767	2315	1434	600	3728
gene-SAOUHSC_00184	CP000253.1	202048	202806	-	759	553	308	548	607	99	417
gene-SAOUHSC_00185	CP000253.1	202799	204355	-	1557	880	528	944	1434	157	591
gene-SAOUHSC_00186	CP000253.1	204352	205320	-	969	552	347	743	860	120	370
gene-SAOUHSC_00187	CP000253.1	205908	208157	+	2250	12519	10025	116231	174948	49197	7168
gene-SAOUHSC_00188	CP000253.1	208180	208935	+	756	5521	4092	39213	70635	26722	3008
gene-SAOUHSC_00189	CP000253.1	209039	209233	+	195	140	88	209	486	46	90
gene-SAOUHSC_00190	CP000253.1	209271	211034	+	1764	1406	893	1621	2188	204	978
gene-SAOUHSC_00191	CP000253.1	211198	211542	-	345	4090	3293	4812	4521	96	2200
gene-SAOUHSC_00192	CP000253.1	211732	213642	+	1911	6188	9565	6000	3034	299	5373
gene-SAOUHSC_00193	CP000253.1	213824	213931	-	108	260	410	330	198	2	301
gene-SAOUHSC_00194	CP000253.1	213950	214120	-	171	397	575	119	171	34	327
gene-SAOUHSC_00195	CP000253.1	214246	215430	-	1185	3129	5647	842	1837	496	2109
gene-SAOUHSC_00196	CP000253.1	215460	217721	-	2262	4084	8464	1734	5416	576	2702
gene-SAOUHSC_00197	CP000253.1	217907	219118	-	1212	1924	5251	1823	5282	871	1231
gene-SAOUHSC_00198	CP000253.1	219230	220735	-	1506	3408	8153	7394	14217	1265	1951
gene-SAOUHSC_00199	CP000253.1	220761	222338	-	1578	4259	9314	23791	38375	4536	2327
gene-SAOUHSC_00200	CP000253.1	222779	223921	+	1143	1100	614	903	1262	170	734
gene-SAOUHSC_00201	CP000253.1	224235	225647	-	1413	2661	1358	1444	1708	151	1955
gene-SAOUHSC_00202	CP000253.1	225908	226264	-	357	382	219	494	670	105	245
gene-SAOUHSC_00203	CP000253.1	226421	226594	-	174	212	105	524	788	108	129
gene-SAOUHSC_00204	CP000253.1	226620	227765	-	1146	2257	1446	6141	11262	1033	1230
gene-SAOUHSC_00205	CP000253.1	227920	228027	+	108	56	35	28	44	3	45
gene-SAOUHSC_00206	CP000253.1	228482	229291	+	810	14647	13928	132326	251465	57681	10757
gene-SAOUHSC_00208	CP000253.1	229502	229645	+	144	16	18	35	13	6	13
gene-SAOUHSC_00209	CP000253.1	229611	231140	-	1530	1933	1514	1811	1279	640	1228
gene-SAOUHSC_00211	CP000253.1	231502	232437	+	936	444	311	491	608	289	278
gene-SAOUHSC_00212	CP000253.1	232547	232645	+	99	6	2	0	0	0	3
gene-SAOUHSC_00213	CP000253.1	232776	234872	+	2097	724	412	422	419	32	399
gene-SAOUHSC_00214	CP000253.1	234857	235324	+	468	142	75	31	25	4	89
gene-SAOUHSC_00215	CP000253.1	235347	235625	+	279	72	51	26	23	2	60
gene-SAOUHSC_00216	CP000253.1	235852	237111	+	1260	671	388	231	212	33	395
gene-SAOUHSC_00217	CP000253.1	237129	238184	+	1056	725	425	272	299	77	415
gene-SAOUHSC_00218	CP000253.1	238186	238332	+	147	40	28	18	13	6	35
gene-SAOUHSC_00219	CP000253.1	238356	239399	+	1044	1249	690	518	539	192	689
gene-SAOUHSC_00220	CP000253.1	239969	240643	+	675	996	949	2509	3834	1234	563
gene-SAOUHSC_00221	CP000253.1	240636	241661	+	1026	1346	1150	3086	3520	445	785
gene-SAOUHSC_A00219	CP000253.1	241570	241857	-	288	161	124	279	686	74	89
gene-SAOUHSC_00222	CP000253.1	241836	243377	+	1542	2906	2200	4731	6531	1134	1900
gene-SAOUHSC_00223	CP000253.1	243805	244974	+	1170	2226	1779	1731	2662	349	1222
gene-SAOUHSC_00225	CP000253.1	245250	245966	+	717	2959	2362	3115	3366	525	1964
gene-SAOUHSC_00226	CP000253.1	245959	246984	+	1026	6708	5131	6585	9415	1345	4857
gene-SAOUHSC_00227	CP000253.1	247006	248694	+	1689	15145	11420	12835	20284	2370	11887
gene-SAOUHSC_00228	CP000253.1	248727	250451	+	1725	33172	26103	21483	32513	6676	27145
gene-SAOUHSC_00229	CP000253.1	250591	251265	+	675	925	582	1654	3852	510	597
gene-SAOUHSC_00230	CP000253.1	251527	253266	+	1740	1209	969	5297	7434	1089	805
gene-SAOUHSC_00231	CP000253.1	253269	254009	+	741	312	185	599	1014	75	178
gene-SAOUHSC_00232	CP000253.1	254122	254565	+	444	187	230	371	2348	180	150
gene-SAOUHSC_00233	CP000253.1	254558	255259	+	702	966	1045	1086	4959	1700	592
gene-SAOUHSC_00234	CP000253.1	255367	256071	-	705	1390	1051	802	1018	67	929
gene-SAOUHSC_00235	CP000253.1	256220	257011	+	792	821	453	165	284	19	443
gene-SAOUHSC_00236	CP000253.1	257027	258463	+	1437	1260	893	249	366	106	792
gene-SAOUHSC_00237	CP000253.1	258896	259657	-	762	695	500	295	340	28	425
gene-SAOUHSC_00238	CP000253.1	259676	259810	+	135	39	12	13	13	2	28
gene-SAOUHSC_00239	CP000253.1	259908	260822	-	915	2707	2371	1895	3652	952	1359
gene-SAOUHSC_00240	CP000253.1	260850	261254	-	405	1157	1009	785	1727	139	648
gene-SAOUHSC_00241	CP000253.1	261269	262150	-	882	2563	2200	1566	1871	903	1373
gene-SAOUHSC_00242	CP000253.1	262382	263380	-	999	1754	1364	1960	2271	594	1098
gene-SAOUHSC_00243	CP000253.1	263531	263710	+	180	217	71	66	44	0	152
gene-SAOUHSC_00244	CP000253.1	263760	264152	+	393	954	562	317	411	16	876
gene-SAOUHSC_00245	CP000253.1	264380	264784	+	405	682	524	396	420	51	395
gene-SAOUHSC_00246	CP000253.1	264825	266201	-	1377	3007	2636	1803	1596	201	1734
gene-SAOUHSC_00247	CP000253.1	266435	267427	+	993	1125	786	657	901	138	701
gene-SAOUHSC_00248	CP000253.1	267753	268703	+	951	1832	1586	1172	1671	752	1271
gene-SAOUHSC_00249	CP000253.1	268755	269414	-	660	518	317	298	337	27	336
gene-SAOUHSC_00250	CP000253.1	269428	270348	-	921	458	275	295	345	15	337
gene-SAOUHSC_00251	CP000253.1	270345	271511	-	1167	587	297	270	292	28	344
gene-SAOUHSC_00253	CP000253.1	271579	273102	-	1524	1923	1088	671	695	33	1529
gene-SAOUHSC_00254	CP000253.1	273373	274026	+	654	106	71	86	66	4	90
gene-SAOUHSC_00255	CP000253.1	274060	274647	+	588	481	250	194	207	22	342
gene-SAOUHSC_00256	CP000253.1	274790	275683	-	894	1849	1317	1021	1224	416	1348
gene-SAOUHSC_00257	CP000253.1	275931	276224	+	294	4105	3780	2318	3008	1722	2616
gene-SAOUHSC_00258	CP000253.1	276308	279337	+	3030	3940	2959	1159	1195	93	2830
gene-SAOUHSC_00259	CP000253.1	279337	279795	+	459	664	380	142	123	7	515
gene-SAOUHSC_00260	CP000253.1	279728	280009	+	282	34	24	27	18	0	38
gene-SAOUHSC_00261	CP000253.1	280022	281356	+	1335	393	204	155	157	7	231
gene-SAOUHSC_00262	CP000253.1	281378	285817	+	4440	2108	1246	918	879	133	1302
gene-SAOUHSC_00264	CP000253.1	285847	286239	+	393	146	78	122	156	16	104
gene-SAOUHSC_00265	CP000253.1	286255	286569	+	315	162	108	91	75	56	82
gene-SAOUHSC_00266	CP000253.1	286569	287243	+	675	233	138	111	140	17	167
gene-SAOUHSC_00267	CP000253.1	287243	287560	+	318	115	88	66	70	21	77
gene-SAOUHSC_00268	CP000253.1	287570	289414	+	1845	2435	1826	2928	4248	1450	1681
gene-SAOUHSC_00269	CP000253.1	289425	289916	+	492	1451	957	3418	5177	503	1032
gene-SAOUHSC_00270	CP000253.1	290124	290807	+	684	420	294	713	1019	85	341
gene-SAOUHSC_00271	CP000253.1	290954	291565	+	612	251	161	398	622	35	148
gene-SAOUHSC_00272	CP000253.1	291701	291919	+	219	1345	612	472	272	21	893
gene-SAOUHSC_00274	CP000253.1	292051	292551	+	501	91	55	83	79	12	66
gene-SAOUHSC_00275	CP000253.1	292421	293062	+	642	166	142	188	354	30	137
gene-SAOUHSC_00276	CP000253.1	293073	293573	+	501	167	128	162	352	21	112
gene-SAOUHSC_00277	CP000253.1	293584	294084	+	501	127	98	143	298	41	82
gene-SAOUHSC_00278	CP000253.1	294095	294583	+	489	165	75	134	199	25	90
gene-SAOUHSC_00279	CP000253.1	295206	295580	+	375	1931	1266	607	774	52	1623
gene-SAOUHSC_00280	CP000253.1	295733	296131	+	399	2677	1579	914	1083	207	2100
gene-SAOUHSC_00281	CP000253.1	296347	297171	-	825	783	617	2571	5262	927	617
gene-SAOUHSC_00282	CP000253.1	297408	298685	-	1278	9872	6540	12584	13612	1731	4308
gene-SAOUHSC_00284	CP000253.1	299299	300189	+	891	650	365	358	439	46	411
gene-SAOUHSC_A00283	CP000253.1	300206	300439	-	234	16	7	5	5	0	8
gene-SAOUHSC_00285	CP000253.1	300438	301487	+	1050	3831	4549	7258	10193	1276	3105
gene-SAOUHSC_00287	CP000253.1	301500	302177	+	678	3896	4092	7007	10377	2826	2872
gene-SAOUHSC_00289	CP000253.1	302336	302476	-	141	12	7	1	5	0	10
gene-SAOUHSC_00290	CP000253.1	302466	303416	+	951	4499	3359	3998	6164	1211	3421
gene-SAOUHSC_00291	CP000253.1	303759	304877	+	1119	370	280	487	1099	107	206
gene-SAOUHSC_00292	CP000253.1	304852	305775	+	924	493	372	563	1286	233	303
gene-SAOUHSC_00293	CP000253.1	305786	307006	+	1221	986	601	777	1227	151	547
gene-SAOUHSC_00294	CP000253.1	307111	308643	-	1533	3802	3831	1790	1302	228	2498
gene-SAOUHSC_00295	CP000253.1	308683	309564	-	882	2028	2399	1622	1203	192	1413
gene-SAOUHSC_00296	CP000253.1	309722	310582	+	861	1245	1116	1066	1788	519	890
gene-SAOUHSC_00297	CP000253.1	310860	311660	-	801	2298	1791	2897	4128	822	1439
gene-SAOUHSC_00298	CP000253.1	311800	312468	+	669	2725	2327	1054	1260	276	1826
gene-SAOUHSC_00299	CP000253.1	312595	313908	-	1314	659	460	490	885	65	427
gene-SAOUHSC_00300	CP000253.1	314326	316398	+	2073	72129	62264	44537	60419	23535	51582
gene-SAOUHSC_00301	CP000253.1	316640	317467	-	828	1641	1123	1951	2210	363	1041
gene-SAOUHSC_00302	CP000253.1	317540	318739	-	1200	1278	809	1541	1915	426	826
gene-SAOUHSC_00303	CP000253.1	318835	318927	+	93	84	44	40	75	5	50
gene-SAOUHSC_00304	CP000253.1	319041	320042	+	1002	739	461	474	584	116	397
gene-SAOUHSC_00305	CP000253.1	320136	320408	+	273	252	180	145	239	37	150
gene-SAOUHSC_00306	CP000253.1	320409	321209	+	801	618	440	386	423	78	359
gene-SAOUHSC_00307	CP000253.1	321199	322143	+	945	690	444	414	551	135	354
gene-SAOUHSC_00308	CP000253.1	322121	323143	+	1023	835	533	461	757	170	473
gene-SAOUHSC_00309	CP000253.1	323458	324483	+	1026	3436	3312	8373	9004	3315	2140
gene-SAOUHSC_00310	CP000253.1	324576	325922	-	1347	2554	3079	2294	1771	425	1774
gene-SAOUHSC_00311	CP000253.1	325937	326221	-	285	392	556	455	316	111	311
gene-SAOUHSC_00312	CP000253.1	326223	326666	-	444	690	920	783	431	90	433
gene-SAOUHSC_00313	CP000253.1	326671	328626	-	1956	2703	3496	6040	2614	547	1896
gene-SAOUHSC_00314	CP000253.1	328838	329257	+	420	10147	8120	4290	5008	513	5936
gene-SAOUHSC_00315	CP000253.1	329364	330719	+	1356	5548	4518	602	606	49	3214
gene-SAOUHSC_00316	CP000253.1	330823	331263	+	441	2141	1534	365	430	29	1405
gene-SAOUHSC_00317	CP000253.1	331346	332704	-	1359	4349	3313	4085	9118	1864	2788
gene-SAOUHSC_00318	CP000253.1	333012	333938	+	927	937	893	1370	2547	587	810
gene-SAOUHSC_00319	CP000253.1	333952	335013	+	1062	2599	2030	2526	4378	1465	2115
gene-SAOUHSC_00320	CP000253.1	335027	335593	+	567	1665	1257	1277	2029	308	1219
gene-SAOUHSC_00322	CP000253.1	335653	336648	-	996	525	394	840	852	193	322
gene-SAOUHSC_00323	CP000253.1	336647	337054	+	408	144	70	62	73	48	94
gene-SAOUHSC_00324	CP000253.1	337067	337612	+	546	661	466	2946	7538	1211	382
gene-SAOUHSC_00325	CP000253.1	337880	338734	+	855	315	170	238	588	29	195
gene-SAOUHSC_00326	CP000253.1	338731	339960	+	1230	811	535	343	738	227	558
gene-SAOUHSC_00327	CP000253.1	339971	341653	+	1683	1461	836	534	888	120	1035
gene-SAOUHSC_00328	CP000253.1	341746	342402	-	657	1531	1252	2794	5766	877	950
gene-SAOUHSC_00329	CP000253.1	342464	342688	-	225	771	582	1410	3499	498	389
gene-SAOUHSC_00330	CP000253.1	342788	343177	-	390	943	584	2124	5122	225	454
gene-SAOUHSC_00331	CP000253.1	343418	343621	+	204	200	152	78	158	16	177
gene-SAOUHSC_00332	CP000253.1	343618	344331	+	714	1313	902	576	734	74	1104
gene-SAOUHSC_00333	CP000253.1	344356	345198	+	843	2753	1827	1000	1382	216	2297
gene-SAOUHSC_00334	CP000253.1	345198	345827	+	630	3781	2315	2195	2637	265	2920
gene-SAOUHSC_00335	CP000253.1	346194	347327	-	1134	928	570	1941	2603	122	640
gene-SAOUHSC_A00332	CP000253.1	347735	347893	-	159	429	538	988	962	24	288
gene-SAOUHSC_00336	CP000253.1	347866	349047	+	1182	7467	6908	10269	9367	3694	5365
gene-SAOUHSC_00337	CP000253.1	349130	349882	-	753	6032	3528	2438	3306	957	3597
gene-SAOUHSC_00338	CP000253.1	349925	352153	-	2229	10950	6464	4756	8406	942	6932
gene-SAOUHSC_00339	CP000253.1	352150	353991	-	1842	4955	3184	3240	5849	867	3245
gene-SAOUHSC_00340	CP000253.1	353960	355120	-	1161	2260	1624	1893	3500	713	1424
gene-SAOUHSC_00341	CP000253.1	355117	356220	-	1104	1802	1449	2354	4328	487	1282
gene-SAOUHSC_00342	CP000253.1	356884	357729	+	846	3874	3086	1212	1567	270	3841
gene-SAOUHSC_00344	CP000253.1	357886	358767	+	882	4588	4017	1516	2345	471	4577
gene-SAOUHSC_00345	CP000253.1	358797	359000	+	204	1149	1073	589	1181	63	1229
gene-SAOUHSC_00346	CP000253.1	359012	360109	+	1098	12457	9696	4747	6764	1238	11637
gene-SAOUHSC_00347	CP000253.1	360195	360386	-	192	41440	22203	1634	942	33	29851
gene-SAOUHSC_00348	CP000253.1	360630	360926	+	297	48104	43918	24338	30665	5374	43245
gene-SAOUHSC_00349	CP000253.1	360947	361450	+	504	81754	74073	39370	48777	20463	77568
gene-SAOUHSC_00350	CP000253.1	361502	361744	+	243	39089	35740	18306	23079	11700	37240
gene-SAOUHSC_00351	CP000253.1	362010	362948	-	939	424	301	392	734	47	408
gene-SAOUHSC_00352	CP000253.1	362987	363298	-	312	187	139	149	313	67	145
gene-SAOUHSC_00353	CP000253.1	363376	363534	-	159	171	165	121	250	27	169
gene-SAOUHSC_00354	CP000253.1	363894	364505	+	612	1202	708	1144	1791	119	838
gene-SAOUHSC_00355	CP000253.1	364874	365242	+	369	265	188	180	325	10	241
gene-SAOUHSC_00356	CP000253.1	365423	365995	+	573	16141	16670	59169	72582	14369	12321
gene-SAOUHSC_00357	CP000253.1	366133	366396	-	264	3344	2289	3880	6431	336	1942
gene-SAOUHSC_00358	CP000253.1	366696	366947	+	252	27107	28668	107806	124507	77124	14640
gene-SAOUHSC_A00354	CP000253.1	366986	367195	-	210	83	61	41	40	9	108
gene-SAOUHSC_00359	CP000253.1	367373	367954	+	582	1626	1302	897	890	93	1441
gene-SAOUHSC_00360	CP000253.1	368020	368403	-	384	917	854	1059	1512	163	836
gene-SAOUHSC_00362	CP000253.1	368658	369284	-	627	2457	1669	2001	2754	252	2032
gene-SAOUHSC_00363	CP000253.1	369357	369650	-	294	266	196	475	488	19	232
gene-SAOUHSC_00364	CP000253.1	369729	371252	-	1524	89747	78313	32701	55874	10280	61442
gene-SAOUHSC_00365	CP000253.1	371268	371837	-	570	33387	29743	15783	29139	4230	23749
gene-SAOUHSC_00366	CP000253.1	372329	373084	+	756	6336	5652	4775	5125	1769	5647
gene-SAOUHSC_00367	CP000253.1	373165	374553	-	1389	17815	12393	2066	1849	744	15355
gene-SAOUHSC_00368	CP000253.1	374638	374739	+	102	1128	649	133	158	11	1174
gene-SAOUHSC_00369	CP000253.1	375530	376486	-	957	12532	8565	9160	11229	3976	9677
gene-SAOUHSC_00370	CP000253.1	376604	377266	-	663	4185	4025	9073	14594	1332	2822
gene-SAOUHSC_00371	CP000253.1	377409	377816	-	408	11220	10666	22656	22046	2822	6038
gene-SAOUHSC_00372	CP000253.1	378329	378907	+	579	1403	674	1651	2157	325	1093
gene-SAOUHSC_00373	CP000253.1	378907	380175	+	1269	4332	2636	4352	6151	1480	3379
gene-SAOUHSC_00374	CP000253.1	380213	381679	+	1467	10947	7521	15814	28218	8813	8888
gene-SAOUHSC_00375	CP000253.1	381704	383245	+	1542	16603	10748	23319	34529	10873	12633
gene-SAOUHSC_00376	CP000253.1	383358	383894	-	537	814	593	409	541	33	677
gene-SAOUHSC_00377	CP000253.1	384287	384991	-	705	195	138	171	193	17	186
gene-SAOUHSC_00378	CP000253.1	385390	385662	-	273	67	37	21	26	7	69
gene-SAOUHSC_00380	CP000253.1	385933	386193	+	261	196	128	197	283	19	163
gene-SAOUHSC_00381	CP000253.1	386599	386958	-	360	501	378	308	396	45	340
gene-SAOUHSC_00382	CP000253.1	386977	387822	-	846	1005	783	626	823	108	669
gene-SAOUHSC_00383	CP000253.1	388294	388974	+	681	1994	1635	894	1238	113	1542
gene-SAOUHSC_00384	CP000253.1	389260	389955	+	696	661	440	307	382	50	438
gene-SAOUHSC_00386	CP000253.1	390246	391316	+	1071	812	534	268	311	52	676
gene-SAOUHSC_00387	CP000253.1	391435	391572	+	138	21	19	10	6	0	21
gene-SAOUHSC_00389	CP000253.1	391681	392607	+	927	400	277	228	246	40	291
gene-SAOUHSC_00390	CP000253.1	392971	393675	+	705	310	154	105	75	6	192
gene-SAOUHSC_A00379	CP000253.1	393579	393878	-	300	36	25	12	5	0	28
gene-SAOUHSC_00391	CP000253.1	394121	394816	+	696	478	287	174	223	41	302
gene-SAOUHSC_00392	CP000253.1	395237	395932	+	696	684	410	454	504	42	557
gene-SAOUHSC_00393	CP000253.1	396276	396974	+	699	384	188	174	173	15	227
gene-SAOUHSC_00394	CP000253.1	397354	398052	+	699	363	208	169	204	13	307
gene-SAOUHSC_00395	CP000253.1	398418	399101	+	684	751	423	342	501	14	609
gene-SAOUHSC_00396	CP000253.1	399186	399287	-	102	63	35	25	28	0	37
gene-SAOUHSC_00397	CP000253.1	399449	400921	+	1473	889	599	2051	2069	677	564
gene-SAOUHSC_00398	CP000253.1	400914	402125	+	1212	460	298	702	833	277	370
gene-SAOUHSC_00399	CP000253.1	402508	403185	+	678	201	167	178	220	9	130
gene-SAOUHSC_00400	CP000253.1	403207	404715	+	1509	1375	1018	929	1080	196	868
gene-SAOUHSC_00401	CP000253.1	404819	405127	-	309	6683	5061	4412	3340	308	3332
gene-SAOUHSC_00402	CP000253.1	405465	406283	+	819	230	144	220	310	25	190
gene-SAOUHSC_00404	CP000253.1	406302	407087	+	786	351	235	285	327	52	356
gene-SAOUHSC_00405	CP000253.1	407345	408082	+	738	688	415	875	1409	134	627
gene-SAOUHSC_00406	CP000253.1	408072	409400	+	1329	1751	1076	1855	2060	301	1399
gene-SAOUHSC_00407	CP000253.1	409397	409720	+	324	604	387	599	941	64	513
gene-SAOUHSC_00408	CP000253.1	409739	410053	+	315	699	462	632	850	120	548
gene-SAOUHSC_00409	CP000253.1	410343	410603	-	261	1087	521	298	472	25	905
gene-SAOUHSC_00410	CP000253.1	410722	411924	+	1203	11017	6917	544	734	108	8382
gene-SAOUHSC_00411	CP000253.1	412193	412321	+	129	715	442	20	20	2	564
gene-SAOUHSC_00412	CP000253.1	413512	414996	+	1485	4278	3873	9179	10188	2485	2754
gene-SAOUHSC_00413	CP000253.1	415009	417714	+	2706	12468	12807	29391	38603	15323	7603
gene-SAOUHSC_00414	CP000253.1	417876	418238	+	363	3423	2695	7325	8911	1468	2182
gene-SAOUHSC_00415	CP000253.1	418467	418883	-	417	128	99	308	460	42	87
gene-SAOUHSC_00416	CP000253.1	418921	419595	+	675	2152	1693	1926	2645	244	1404
gene-SAOUHSC_00417	CP000253.1	419632	420366	+	735	3851	2850	3314	3878	532	2695
gene-SAOUHSC_00418	CP000253.1	420544	420657	+	114	104	88	38	45	14	75
gene-SAOUHSC_00420	CP000253.1	420822	422159	+	1338	7902	4517	11166	16730	2912	4521
gene-SAOUHSC_00421	CP000253.1	422376	423290	+	915	3320	2101	167	194	59	2911
gene-SAOUHSC_00422	CP000253.1	423274	424416	+	1143	13851	7588	412	408	75	12250
gene-SAOUHSC_00423	CP000253.1	424710	425735	+	1026	3427	2326	900	1667	179	3144
gene-SAOUHSC_00424	CP000253.1	425739	426398	+	660	1872	1248	295	572	98	1735
gene-SAOUHSC_00426	CP000253.1	426435	427277	+	843	7045	4134	994	2452	138	6114
gene-SAOUHSC_00427	CP000253.1	427609	428613	+	1005	2733	2471	12759	14493	6603	3235
gene-SAOUHSC_00428	CP000253.1	428798	429067	-	270	1912	1117	1161	859	22	1443
gene-SAOUHSC_00429	CP000253.1	429216	429611	+	396	655	552	603	783	156	549
gene-SAOUHSC_00430	CP000253.1	429601	430086	+	486	2680	1899	1808	2357	944	1978
gene-SAOUHSC_00431	CP000253.1	430255	431037	-	783	2880	1761	971	1652	185	2381
gene-SAOUHSC_00433	CP000253.1	431034	432152	-	1119	1715	1089	1165	1981	424	1243
gene-SAOUHSC_00434	CP000253.1	432267	433151	-	885	599	430	439	494	49	411
gene-SAOUHSC_00435	CP000253.1	433332	437831	+	4500	16852	10395	85461	124658	28739	20673
gene-SAOUHSC_00436	CP000253.1	437849	439312	+	1464	13932	8561	34983	43436	12622	17058
gene-SAOUHSC_T00048	CP000253.1	439581	439673	+	93	4322	2847	2271	1327	933	3482
gene-SAOUHSC_00437	CP000253.1	440144	441571	+	1428	8787	15112	6673	7467	1790	8634
gene-SAOUHSC_00438	CP000253.1	441635	443275	+	1641	3378	4744	1200	1564	360	3425
gene-SAOUHSC_00439	CP000253.1	443300	444028	+	729	2544	2920	926	1040	231	2556
gene-SAOUHSC_00440	CP000253.1	444428	444529	+	102	452	352	58	30	16	412
gene-SAOUHSC_00441	CP000253.1	444667	445191	+	525	1195	997	1427	1782	365	1110
gene-SAOUHSC_00442	CP000253.1	445284	446957	+	1674	12544	11760	7074	8621	2074	12914
gene-SAOUHSC_00444	CP000253.1	447047	447364	+	318	5336	5220	5008	7984	3386	5396
gene-SAOUHSC_00445	CP000253.1	447371	447967	+	597	10253	8059	7482	9576	2645	9402
gene-SAOUHSC_00446	CP000253.1	448172	448270	+	99	56	52	18	16	4	51
gene-SAOUHSC_R0001	CP000253.1	448819	450374	+	1556	2533	1325	3764	2863	6343	326
gene-SAOUHSC_R0006	CP000253.1	450739	453661	+	2923	14233	15471	12730	9215	19318	4153
gene-SAOUHSC_R00011	CP000253.1	453734	453847	+	114	7	21	1	1	6	15
gene-SAOUHSC_00450	CP000253.1	454730	456067	+	1338	1015	653	1308	1451	218	598
gene-SAOUHSC_00451	CP000253.1	456069	456686	+	618	668	570	897	1109	116	553
gene-SAOUHSC_00452	CP000253.1	456714	457043	+	330	5271	6001	9293	13489	3014	4179
gene-SAOUHSC_00453	CP000253.1	457162	457338	-	177	246	200	650	1061	89	193
gene-SAOUHSC_00454	CP000253.1	457344	458183	+	840	680	610	2188	2920	125	616
gene-SAOUHSC_00455	CP000253.1	458184	458987	+	804	1582	1110	1074	1651	360	1340
gene-SAOUHSC_00456	CP000253.1	459034	459351	+	318	1304	846	583	599	95	997
gene-SAOUHSC_00457	CP000253.1	459625	460350	+	726	591	477	328	368	62	486
gene-SAOUHSC_00458	CP000253.1	460343	460591	+	249	198	175	125	167	28	146
gene-SAOUHSC_00459	CP000253.1	460593	461432	+	840	736	494	473	461	100	447
gene-SAOUHSC_00460	CP000253.1	461457	461612	-	156	18	10	17	13	0	15
gene-SAOUHSC_00461	CP000253.1	461717	463690	+	1974	6934	5159	12080	17678	1816	4904
gene-SAOUHSC_00462	CP000253.1	463721	464494	+	774	5301	3671	6616	9268	3938	3870
gene-SAOUHSC_00463	CP000253.1	464661	465197	+	537	490	397	1260	2565	368	390
gene-SAOUHSC_00464	CP000253.1	465208	466101	+	894	689	588	1751	2769	944	464
gene-SAOUHSC_00465	CP000253.1	466201	466464	+	264	38556	37036	26283	15736	1570	25575
gene-SAOUHSC_00466	CP000253.1	466774	467622	+	849	13408	13397	10846	15103	4091	11700
gene-SAOUHSC_00467	CP000253.1	467636	468460	+	825	16846	15520	14309	18461	2469	14600
gene-SAOUHSC_00468	CP000253.1	468477	468857	+	381	30469	29318	56505	78672	25933	22091
gene-SAOUHSC_00469	CP000253.1	468929	469231	+	303	37282	36217	57641	71679	34756	26224
gene-SAOUHSC_00470	CP000253.1	469421	469552	+	132	21	30	23	66	27	24
gene-SAOUHSC_00471	CP000253.1	469575	470927	+	1353	13800	14219	17073	17251	10380	11649
gene-SAOUHSC_00472	CP000253.1	471074	472039	+	966	16367	16622	14513	16533	3748	13732
gene-SAOUHSC_00473	CP000253.1	472097	472207	-	111	3341	2618	1921	3036	141	3034
gene-SAOUHSC_00474	CP000253.1	472189	472842	+	654	211275	174772	34172	30284	14216	222905
gene-SAOUHSC_00475	CP000253.1	473153	473725	+	573	795	581	2103	2530	406	497
gene-SAOUHSC_00477	CP000253.1	473725	477231	+	3507	8046	6122	8410	11439	2269	5688
gene-SAOUHSC_00479	CP000253.1	477221	478747	+	1527	3910	2983	3679	4656	450	2678
gene-SAOUHSC_00480	CP000253.1	478747	479940	+	1194	6466	5084	6116	8991	1821	4822
gene-SAOUHSC_00481	CP000253.1	479937	480200	+	264	1908	1562	1938	3544	488	1602
gene-SAOUHSC_00482	CP000253.1	480218	480610	+	393	3831	2384	3307	4952	639	2871
gene-SAOUHSC_00483	CP000253.1	480715	481116	+	402	11314	8540	17368	17990	2678	7419
gene-SAOUHSC_00484	CP000253.1	481296	482591	+	1296	1188	933	1765	2391	518	808
gene-SAOUHSC_00485	CP000253.1	482596	483135	+	540	1420	1311	2270	2889	468	1048
gene-SAOUHSC_00486	CP000253.1	483392	485485	+	2094	43694	37666	59731	72165	17633	27162
gene-SAOUHSC_00487	CP000253.1	485714	486595	+	882	5724	4924	6354	6860	2008	3917
gene-SAOUHSC_00488	CP000253.1	486774	487706	+	933	20861	15932	17693	27869	10934	16485
gene-SAOUHSC_00489	CP000253.1	487922	488725	+	804	772	598	730	940	193	642
gene-SAOUHSC_00490	CP000253.1	488703	489068	+	366	827	616	535	659	62	794
gene-SAOUHSC_00491	CP000253.1	489065	489541	+	477	4687	4236	2925	3297	489	4858
gene-SAOUHSC_00492	CP000253.1	489935	490027	+	93	1235	804	1083	2096	84	1590
gene-SAOUHSC_00493	CP000253.1	490080	491567	+	1488	36928	31444	25604	34562	7653	38632
gene-SAOUHSC_R00016	CP000253.1	492125	492239	+	115	179	107	58	23	52	68
gene-SAOUHSC_T00059	CP000253.1	492252	492327	+	76	104	99	27	18	22	57
gene-SAOUHSC_T00053	CP000253.1	492344	492419	+	76	1674	1677	904	275	465	1117
gene-SAOUHSC_T00035	CP000253.1	492426	492498	+	73	654	617	632	280	415	443
gene-SAOUHSC_T00021	CP000253.1	492532	492606	+	75	417	336	267	120	232	308
gene-SAOUHSC_T00030	CP000253.1	492614	492702	+	89	416	265	344	60	64	232
gene-SAOUHSC_T0004	CP000253.1	492708	492784	+	77	2351	1897	1171	1005	769	1751
gene-SAOUHSC_T00044	CP000253.1	492805	492878	+	74	293	213	387	298	226	191
gene-SAOUHSC_T0001	CP000253.1	492902	492977	+	76	756	426	392	494	346	268
gene-SAOUHSC_R0002	CP000253.1	493099	494653	+	1555	2617	1512	3983	2999	6884	350
gene-SAOUHSC_R0007	CP000253.1	495018	497940	+	2923	14081	15867	11844	8906	18275	4339
gene-SAOUHSC_R00012	CP000253.1	498013	498127	+	115	73	54	73	9	63	31
gene-SAOUHSC_00497	CP000253.1	498652	500034	-	1383	1283	799	550	563	33	839
gene-SAOUHSC_00499	CP000253.1	500138	501025	+	888	1646	1321	2422	2407	1078	1127
gene-SAOUHSC_00500	CP000253.1	501029	501589	+	561	1393	1048	2040	2335	280	950
gene-SAOUHSC_00501	CP000253.1	501797	503011	-	1215	3576	2959	12456	14185	1080	2392
gene-SAOUHSC_00502	CP000253.1	503169	503630	+	462	9085	9142	6651	2357	101	4665
gene-SAOUHSC_00503	CP000253.1	503727	504215	+	489	10778	10839	6019	3002	272	5930
gene-SAOUHSC_00504	CP000253.1	504205	505212	+	1008	24744	25383	13560	5880	233	14313
gene-SAOUHSC_00505	CP000253.1	505226	507682	+	2457	72774	66534	43698	23718	3424	37852
gene-SAOUHSC_00506	CP000253.1	507610	507768	-	159	19	29	23	3	0	10
gene-SAOUHSC_00507	CP000253.1	508197	509531	+	1335	4522	4034	13373	20483	6628	2750
gene-SAOUHSC_00508	CP000253.1	509574	510629	+	1056	3105	2516	7383	12524	1489	2012
gene-SAOUHSC_00509	CP000253.1	511186	512640	+	1455	8243	7022	16387	25075	3689	5422
gene-SAOUHSC_00510	CP000253.1	513063	513710	+	648	804	750	2276	4656	1601	471
gene-SAOUHSC_00511	CP000253.1	513694	515094	+	1401	1891	1813	6999	11650	2562	1152
gene-SAOUHSC_00512	CP000253.1	515087	515491	+	405	667	605	2495	5285	613	416
gene-SAOUHSC_00513	CP000253.1	515499	516245	+	747	1182	1067	3847	5880	2133	702
gene-SAOUHSC_00514	CP000253.1	516245	516769	+	525	1342	1194	4012	6732	899	793
gene-SAOUHSC_00515	CP000253.1	516850	517419	+	570	729	636	2434	3511	249	487
gene-SAOUHSC_00516	CP000253.1	517697	517915	+	219	2319	1876	3573	5694	628	1836
gene-SAOUHSC_00517	CP000253.1	517928	518476	+	549	5492	4731	6836	8159	2406	3786
gene-SAOUHSC_00518	CP000253.1	518657	519079	+	423	75101	64409	44870	41873	13483	57345
gene-SAOUHSC_00519	CP000253.1	519287	519979	+	693	63616	71394	53499	43923	10457	48226
gene-SAOUHSC_00520	CP000253.1	520251	520751	+	501	73365	71367	59762	95149	8592	57976
gene-SAOUHSC_00521	CP000253.1	520794	521162	+	369	43899	36186	37432	41858	11702	34785
gene-SAOUHSC_00523	CP000253.1	521337	521945	+	609	8304	8992	5600	6108	2169	6442
gene-SAOUHSC_00524	CP000253.1	522301	525711	+	3411	244431	214905	117124	119222	56465	165761
gene-SAOUHSC_00525	CP000253.1	525875	529471	+	3597	315412	256066	157354	148378	69168	194008
gene-SAOUHSC_00526	CP000253.1	529608	529862	+	255	20537	19638	12117	7120	1277	13584
gene-SAOUHSC_00527	CP000253.1	529960	530373	+	414	108211	113244	58444	72084	30044	88460
gene-SAOUHSC_00528	CP000253.1	530439	530909	+	471	106963	105809	60815	62424	26171	85930
gene-SAOUHSC_00529	CP000253.1	531032	533113	+	2082	530828	517347	332543	301147	194557	402023
gene-SAOUHSC_00530	CP000253.1	533330	534514	+	1185	393577	364039	339826	281155	187750	283449
gene-SAOUHSC_00531	CP000253.1	534796	535971	-	1176	2406	1996	4011	5546	1518	1686
gene-SAOUHSC_00532	CP000253.1	536142	537329	+	1188	6459	5826	16283	24253	3647	4450
gene-SAOUHSC_00533	CP000253.1	537595	538473	+	879	8319	6547	21187	67083	8455	3506
gene-SAOUHSC_00534	CP000253.1	538632	540269	+	1638	1065	774	1356	2143	311	661
gene-SAOUHSC_00535	CP000253.1	540483	541448	+	966	25160	21378	5145	5444	845	18479
gene-SAOUHSC_00536	CP000253.1	541783	542859	+	1077	4199	3937	19467	24002	5107	2735
gene-SAOUHSC_00537	CP000253.1	542832	543005	+	174	311	276	1663	2724	169	264
gene-SAOUHSC_00538	CP000253.1	543109	543792	+	684	453	353	1867	2841	460	322
gene-SAOUHSC_00539	CP000253.1	543908	544570	-	663	1090	778	1162	1570	168	749
gene-SAOUHSC_00540	CP000253.1	544563	545180	-	618	134	87	521	503	33	125
gene-SAOUHSC_00541	CP000253.1	545247	545717	+	471	376	271	1328	1268	382	255
gene-SAOUHSC_00542	CP000253.1	545864	546733	+	870	979	538	1626	2159	208	688
gene-SAOUHSC_00543	CP000253.1	546754	547320	+	567	1480	805	1314	1619	157	1154
gene-SAOUHSC_A00526	CP000253.1	547608	547865	-	258	0	0	0	0	0	0
gene-SAOUHSC_00544	CP000253.1	547751	550738	+	2988	32042	19531	3593	4236	2845	37993
gene-SAOUHSC_00545	CP000253.1	551105	555154	+	4050	16195	12511	7695	6278	2999	16394
gene-SAOUHSC_00547	CP000253.1	555273	556745	+	1473	1381	1009	2883	3393	225	1023
gene-SAOUHSC_00548	CP000253.1	556869	558359	-	1491	5532	4059	4123	4668	345	4673
gene-SAOUHSC_00549	CP000253.1	558641	559519	-	879	11374	9203	7238	7191	1055	7222
gene-SAOUHSC_00550	CP000253.1	559532	560197	-	666	6448	4953	5238	5851	1318	3871
gene-SAOUHSC_00551	CP000253.1	560211	560573	-	363	3514	2765	4181	5089	614	2265
gene-SAOUHSC_00552	CP000253.1	560849	561607	+	759	2283	1991	1828	2011	152	1589
gene-SAOUHSC_00553	CP000253.1	561684	562316	+	633	3875	3795	9257	14747	3344	2687
gene-SAOUHSC_00554	CP000253.1	562363	562866	+	504	4678	4577	10664	16229	8544	3179
gene-SAOUHSC_00555	CP000253.1	562979	563626	+	648	2298	1817	886	581	231	1781
gene-SAOUHSC_00556	CP000253.1	564128	565528	+	1401	31973	25116	7041	6470	1084	29166
gene-SAOUHSC_00557	CP000253.1	566072	567448	+	1377	3695	2478	350	222	25	3517
gene-SAOUHSC_00558	CP000253.1	567450	568589	+	1140	5154	3961	1147	1128	386	5039
gene-SAOUHSC_00559	CP000253.1	568564	568929	+	366	1507	923	355	467	34	1440
gene-SAOUHSC_00560	CP000253.1	568932	569201	+	270	5297	2531	881	570	64	2799
gene-SAOUHSC_00561	CP000253.1	569402	569569	-	168	233436	188110	48631	19815	904	176341
gene-SAOUHSC_00562	CP000253.1	570076	570906	-	831	3105	2615	6200	8903	2229	2691
gene-SAOUHSC_00564	CP000253.1	571090	571746	+	657	852	749	1020	1251	245	636
gene-SAOUHSC_00565	CP000253.1	571747	572127	+	381	749	655	810	1264	224	608
gene-SAOUHSC_00567	CP000253.1	572260	572628	+	369	750	561	558	881	210	534
gene-SAOUHSC_00569	CP000253.1	572749	574233	+	1485	24044	31556	74094	101124	26928	17614
gene-SAOUHSC_00571	CP000253.1	574375	574827	-	453	1007	906	1692	2717	514	728
gene-SAOUHSC_00572	CP000253.1	574840	575490	-	651	1511	1408	2617	3861	797	1123
gene-SAOUHSC_00573	CP000253.1	576153	576905	-	753	3102	2428	5527	6099	520	1419
gene-SAOUHSC_00574	CP000253.1	577073	578059	+	987	23990	20807	21169	16762	4612	19920
gene-SAOUHSC_00575	CP000253.1	578134	578898	+	765	23439	17411	16270	12460	1830	19477
gene-SAOUHSC_00577	CP000253.1	579485	580405	+	921	5019	4596	1947	2317	505	4139
gene-SAOUHSC_00578	CP000253.1	580410	581393	+	984	8495	8906	5502	5609	4283	6968
gene-SAOUHSC_00579	CP000253.1	581406	582482	+	1077	10240	10187	8152	7419	4190	8458
gene-SAOUHSC_00580	CP000253.1	582659	583000	+	342	5666	4320	1138	1483	142	4845
gene-SAOUHSC_00581	CP000253.1	583052	584374	-	1323	10524	6340	1730	2464	368	5452
gene-SAOUHSC_00582	CP000253.1	584361	584777	-	417	2200	1360	301	520	32	1131
gene-SAOUHSC_00583	CP000253.1	584859	584960	+	102	25	18	7	3	0	33
gene-SAOUHSC_00584	CP000253.1	585426	586835	+	1410	1149	1006	988	1760	215	923
